=RacingCar
:1
428226
4211043
4211094
4654582
303426
4540384
306924
302024
303226
4211043
4654582
370124
379521
302301
370124
4211445
4211525
:2
302321
4210660
302224
4244363
30224
4654582
306824
301021
4162443
302024
4654582
486526
:3
306924
4522035
4153044
4542590
302024
302321
366621
242021
302124
4210660
:4
243101
428724
4161326
4190219
4211043
4249506
243101
428724
4160857
302321
302424
4504369
4520782
4522035
303426
4121965
4540384
4189400
366501
4632575
302124
4211525
4522035
4504369
4518992
4504369
4504381
4632575
302124
4211525
4522035
4504369
4518992
4504369
4504381
:5
4490127
4550937
370726
4211573
4211622
4211622
4211573
4490127
4550937
=Go-Kart
:1
428226
306924
306924
302124
303426
370124
4162443
303226
302024
370124
:2
302301
306924
302224
486526
4654582
302321
4190219
:3
428724
302301
303426
4211043
306824
302024
379521
4249506
243101
4121965
366621
4211094
4244363
4654582
4211043
301021
366501
242021
4654582
4632575
4211043
4540384
243101
306824
302124
4520782
:4
4654582
302424
302224
4211094
4504381
4504369
4540384
302024
4504369
4540384
302024
4161326
4160857
4210660
4518992
4542590
4153044
:5
4211525
4211445
4522035
4490127
4550937
370726
4211573
4211622
4211622
4211573
4490127
4550937
=Quad
:1
303426
370124
370124
366501
428724
370124
303426
4210660
4632575
242021
302301
:2
4161326
4160857
4211094
379521
4211043
302224
306924
4654582
302321
4162443
:3
4211525
4654582
301021
4121965
4249506
4504381
4211445
366621
:4
4244362
4211043
4540384
302224
4522035
303226
302124
306824
4654582
486526
4540384
243101
4244363
4211043
306924
4504369
4654582
4490127
4550937
370726
4211573
4211622
:5
4211622
4211573
4490127
4550937
4632575
4211445